 7.684782255489e-01
 3.885750752806e-01
 9.980434766530e-01
 3.356751906781e-01
 6.087770043761e-01
 5.039851954033e-01
 2.874197611848e-01
 1.806491066928e-01
 9.524095538804e-01
 2.680162058344e-01
 9.909009908554e-01
 6.348682900852e-01
 8.199427472795e-02
 3.085780713119e-01
 4.456587254391e-01
 2.368084639214e-01
 7.611976586935e-01
 9.713583592509e-01
 9.503999896543e-01
 8.352916248929e-01
 7.541084470554e-01
 1.394640485434e-01
 2.977843548337e-01
 1.685275137641e-01
 1.583639660069e-01
 7.026076778840e-01
 3.435088108318e-01
 1.629054917657e-01
 8.731040922300e-01
 3.418847122572e-01
 6.250305640632e-01
 5.165087933869e-01
 8.519298102230e-01
 3.518516466626e-01
 3.876239992454e-01
 8.286121497049e-01
 4.013949603953e-01
 8.085297172144e-01
 5.014451150110e-01
 2.639626571267e-01
 6.771612751428e-01
 5.101220552234e-01
 6.605031926220e-01
 4.994331747425e-01
 7.027984570996e-01
 7.666470658061e-01
 9.429154613795e-01
 4.906763518230e-01
 6.903124970106e-01
 2.953542073755e-01
 2.815481701380e-01
 4.176965988103e-01
 1.768369114961e-01
 1.907028295736e-01
 6.451228575065e-01
 2.079620519888e-02
 5.085237590429e-01
 1.808486258637e-01
 7.620941296776e-01
 4.221409124165e-01
 5.005215581427e-01
 1.569963032770e-01
 3.308108968956e-02
 4.432296884090e-01
 6.810306361135e-01
 2.676412805969e-01
 8.723617253179e-01
 3.748416286838e-01
 3.877758878204e-01
 7.066370313263e-01
 9.491571523244e-02
 1.335731937321e-01
 1.268404817954e-01
 6.921889980901e-01
 1.227277446669e-01
 7.478668550805e-01
 2.665422184631e-02
 3.328994149987e-02
 7.225403538025e-01
 1.564720426595e-01
 9.240323152680e-01
 1.107757897147e-01
 7.069710842635e-01
 3.735682633016e-01
 6.045121280473e-01
 6.209472029113e-02
 5.318863409940e-01
 1.773188112224e-01
 9.858366014535e-01
 4.520469278679e-01
 5.149939917362e-03
 6.124133895436e-01
 5.812846595315e-01
 7.361658361717e-01
 3.853415957833e-01
 7.621962270420e-01
 4.086510489479e-01
 3.790763660955e-01
 9.937666541329e-01
 4.422657524855e-01
 6.210286246400e-01
 5.770792184520e-01
 8.905540665152e-02
 6.949710900232e-01
 5.271486583398e-01
 1.523744887407e-01
 1.608763833632e-01
 2.230190564968e-01
 3.418855621211e-01
 3.357522885992e-01
 9.877651296210e-01
 1.904453147124e-01
 9.616343764494e-01
 8.352416445933e-01
 7.737959303802e-01
 1.404915278010e-01
 2.946210562137e-01
 8.001230164190e-01
 4.298011081017e-01
 1.324701215584e-01
 1.928064177190e-01
 3.287447246143e-02
 5.970687480453e-01
 5.834867926754e-01
 8.298972519486e-01
 7.603467560879e-02
 3.249260685627e-01
 7.159301829018e-01
 4.490787200456e-01
 6.066307190117e-01
 4.083428397470e-01
 9.579275316813e-01
 7.644342873086e-01
 9.077324404743e-01
 2.676652199697e-01
 1.215033709520e-01
 9.416206633412e-01
 5.485902780748e-02
 9.098171530065e-01
 6.919682072460e-01
 6.217256687613e-03
 8.543779842285e-01
 9.487833184537e-01
 1.021028167190e-01
 7.322703467494e-01
 5.017000033878e-01
 8.829133926840e-01
 4.359928229193e-01
 5.489049214800e-01
 3.889884069285e-01
 8.275650816142e-01
 6.099072922400e-01
 7.694775602541e-01
 4.852645748326e-01
 6.838289173429e-01
 7.114044512107e-01
 4.955960595317e-01
 2.362058397348e-01
 2.875548637445e-01
 8.428861407773e-01

 8.774328136633e-01
 9.865961936238e-01
 4.276274440368e-01
 5.121123020650e-01
 2.211027278315e-02
 5.153035990617e-01
 7.484121924492e-01
 3.397252218138e-01
 7.335388641785e-01
 3.908228678957e-01
 4.585234560470e-01
 6.126229571235e-01
 4.399390181749e-01
 5.048357513947e-01
 4.565393238117e-01
 2.059879458044e-03
 1.193804126288e-01
 3.219054859294e-01
 9.540168376677e-01
 5.866417578955e-01

-7.528959777583e+01
 3.904165865654e+00
-4.963089494493e+01
-5.264587360036e+01
 2.558364112686e+01
-1.517162181107e+01
-2.638854178438e+01
 3.720699795206e+01
 8.643783954460e+01
 2.440406616834e+01
-8.043730974738e+01
-4.451008093377e+01
 1.317872396419e+01
-1.663262032951e+01
 5.249987906759e+01
-2.621595748735e+01
-3.687668475962e+01
 5.489240873366e+01
 5.187796748619e+01
 7.226431011926e+01
 7.528959777583e+01
-3.904165865654e+00
 4.963089494493e+01
 5.264587360036e+01
-2.558364112686e+01
 1.517162181107e+01
 2.638854178438e+01
-3.720699795206e+01
-8.643783954460e+01
-2.440406616834e+01
 8.043730974738e+01
 4.451008093377e+01
-1.317872396419e+01
 1.663262032951e+01
-5.249987906759e+01
 2.621595748735e+01
 3.687668475962e+01
-5.489240873366e+01
-5.187796748619e+01
-7.226431011926e+01
