 8.046648385575e-02
 6.741287232306e-02
 1.764866924081e-01
 5.145202893958e-01
 9.803887459947e-01
 1.278344710108e-01
 5.006611960076e-01
 1.711635553446e-01
 2.844038938803e-01
 7.883367592464e-02
 9.898986322395e-01
 2.294162196270e-01
 3.929559955789e-02
 6.969974460097e-01
 6.410631149115e-01
 3.901539458266e-01
 7.670328658689e-01
 6.570595724495e-01
 5.883871589585e-01
 9.391662138624e-01

 7.990891550764e-02
 3.146175712052e-01
 9.815105356762e-01
 1.580417941269e-01
 6.278534323732e-01
 7.308204630104e-01
 7.162764784514e-01
 3.336690548601e-01
 3.539008993365e-01
 9.328328725335e-01
 5.084281958843e-01
 5.969719805353e-01
 6.636803678675e-01
 4.157484994302e-02
 2.583563338921e-01
 4.123242076191e-01
 6.509249406609e-01
 6.921837852383e-01
 5.193058066677e-01
 7.861525108913e-01

 3.029279334663e+04
-2.135804589323e+04
 7.025412163685e+04
-3.761021082101e+04
 5.061641478174e+03
-2.010751180050e+05
-3.362833065677e+04
 6.602139346997e+04
-1.427492340917e+04
 1.542622726875e+05
-3.364446741620e+03
-3.312524557236e+04
-7.034759777368e+04
-1.594984552225e+04
 1.686109949519e+04
 3.634598453060e+04
 1.124160537026e+04
-5.651155942577e+04
 9.582034933870e+04
-4.565241916544e+03
